1	519674	银河创新成长混合	混合型	2	1	3	2	2.0
2	162703	广发小盘成长混合(LOF)	混合型	7	15	12	7	10.25
3	003745	广发多元新兴股票	股票型	13	20	7	5	11.25
4	002939	广发创新升级混合	混合型	11	23	9	3	11.5
5	320007	诺安成长混合	混合型	24	10	4	8	11.5
6	002560	诺安和鑫灵活配置混合	混合型	19	9	8	25	15.25
7	001210	天弘互联网混合	混合型	3	18	32	11	16.0
8	001809	中信建投智信物联网A	混合型	22	12	15	20	17.25
9	290011	泰信中小盘精选混合	混合型	4	30	17	22	18.25
10	004636	中信建投智信物联网C	混合型	23	13	16	21	18.25
11	001410	信达澳银新能源产业股票	股票型	32	11	19	13	18.75
12	257070	国联安优选行业混合	混合型	36	25	26	9	24.0
13	161903	万家行业优选混合(LOF)	混合型	27	28	34	10	24.75
14	001956	国联安科技动力	股票型	33	29	27	12	25.25
15	006257	信达澳银先进智造股票型	股票型	16	24	38	27	26.25
16	004890	中邮文娱灵活配置混合	混合型	21	22	30	37	27.5
17	007300	国联安中证半导体ETF联接A	联接基金	8	2	5	100	28.75
18	000522	华润元大信息传媒科技混合	混合型	38	8	39	32	29.25
19	007301	国联安中证半导体ETF联接C	联接基金	9	3	6	100	29.5
20	005495	创金合信科技成长股票A	股票型	48	35	18	23	31.0
21	005311	万家经济新动能混合A	混合型	14	5	13	100	33.0
22	005312	万家经济新动能混合C	混合型	15	4	14	100	33.25
23	519005	海富通股票混合	混合型	100	7	11	15	33.25
24	004666	长城久嘉创新成长混合	混合型	10	6	31	100	36.75
25	005911	广发双擎升级混合	混合型	100	34	10	4	37.0
26	550009	信诚中小盘混合	混合型	100	14	28	19	40.25
27	005496	创金合信科技成长股票C	股票型	100	36	20	26	45.5
28	003956	南方教育股票	股票型	100	49	22	14	46.25
29	210008	金鹰策略配置混合	混合型	30	17	45	100	48.0
30	001643	汇丰晋信智造先锋股票A	股票型	100	19	40	36	48.75
31	001644	汇丰晋信智造先锋股票C	股票型	100	21	41	38	50.0
32	006279	中金瑞祥A	混合型	100	100	1	1	50.5
33	003793	泰达宏利溢利债券A	债券型	100	100	2	6	52.0
34	008281	国泰CES半导体行业ETF联接A	联接基金	5	37	100	100	60.5
35	008282	国泰CES半导体行业ETF联接C	联接基金	6	38	100	100	61.0
36	004044	金鹰转型动力混合	混合型	1	44	100	100	61.25
37	007484	信达澳银核心科技混合	混合型	18	27	100	100	61.25
38	540008	汇丰晋信低碳先锋股票	股票型	100	16	33	100	62.25
39	006751	富国互联科技股票	股票型	100	26	24	100	62.5
40	007685	华商电子行业量化股票	股票型	25	31	100	100	64.0
41	000717	融通转型三动力灵活配置混合	混合型	100	100	25	31	64.0
42	002482	宝盈互联网沪港深混合	混合型	100	100	35	30	66.25
43	002844	金鹰多元策略混合	混合型	37	39	100	100	69.0
44	002681	金鹰元和灵活配置混合A	混合型	100	41	36	100	69.25
45	005682	财通资管消费精选混合	混合型	49	100	100	29	69.5
46	001480	财通成长优选混合	混合型	46	33	100	100	69.75
47	002682	金鹰元和灵活配置混合C	混合型	100	45	37	100	70.5
48	005310	广发电子信息传媒股票	股票型	100	100	44	44	72.0
49	005962	宝盈人工智能股票A	股票型	100	100	48	40	72.0
50	580002	东吴双动力混合	混合型	39	50	100	100	72.25
51	004374	华泰保兴吉年丰混合发起A	混合型	100	100	47	43	72.5
52	005963	宝盈人工智能股票C	股票型	100	100	50	45	73.75
53	004375	华泰保兴吉年丰混合发起C	混合型	100	100	49	47	74.0
54	000534	长盛高端装备混合	混合型	12	100	100	100	78.0
55	519773	交银数据产业灵活配置混合	混合型	100	100	100	16	79.0
56	004211	金鹰周期优选混合	混合型	17	100	100	100	79.25
57	519778	交银经济新动力混合	混合型	100	100	100	17	79.25
58	519727	交银成长30混合	混合型	100	100	100	18	79.5
59	000063	长盛电子信息主题灵活配置混合	混合型	20	100	100	100	80.0
60	007490	南方信息创新混合A	混合型	100	100	21	100	80.25
61	007491	南方信息创新混合C	混合型	100	100	23	100	80.75
62	460005	华泰柏瑞价值增长混合	混合型	100	100	100	24	81.0
63	519642	银河智造混合	混合型	26	100	100	100	81.5
64	460007	华泰柏瑞行业领先混合	混合型	28	100	100	100	82.0
65	001645	国泰大健康股票	股票型	100	100	100	28	82.0
66	570006	诺德中小盘混合	混合型	29	100	100	100	82.25
67	001790	国泰智能汽车股票	股票型	100	100	29	100	82.25
68	001951	金鹰改革红利混合	混合型	31	100	100	100	82.75
69	006265	红土创新新科技股票	股票型	100	32	100	100	83.0
70	002692	富国创新科技混合	混合型	100	100	100	33	83.25
71	006568	国联安行业领先混合	混合型	34	100	100	100	83.5
72	006154	华安制造先锋混合	混合型	100	100	100	34	83.5
73	007203	银河新动能混合	混合型	35	100	100	100	83.75
74	000755	富安达新兴成长混合	混合型	100	100	100	35	83.75
75	000940	富国中小盘精选混合	混合型	100	100	100	39	84.75
76	519115	浦银安盛红利精选混合	混合型	40	100	100	100	85.0
77	006081	海富通电子传媒股票A	股票型	100	40	100	100	85.0
78	000826	广发百发100指数A	股票指数	41	100	100	100	85.25
79	000404	易方达新兴成长灵活配置	混合型	100	100	100	41	85.25
80	001398	华泰柏瑞健康生活混合	混合型	42	100	100	100	85.5
81	006080	海富通电子传媒股票C	股票型	100	42	100	100	85.5
82	002213	中海顺鑫灵活配置混合	混合型	100	100	42	100	85.5
83	001573	南方互联网+灵活配置混合	混合型	100	100	100	42	85.5
84	000827	广发百发100指数E	股票指数	43	100	100	100	85.75
85	519929	长信电子信息行业量化混合	混合型	100	43	100	100	85.75
86	001569	泰信国策驱动灵活配置混合	混合型	100	100	43	100	85.75
87	002064	华富产业升级灵活配置混合	混合型	44	100	100	100	86.0
88	161631	融通人工智能指数(LOF)	股票指数	45	100	100	100	86.25
89	720001	财通价值动量混合	混合型	100	46	100	100	86.5
90	005094	万家臻选混合	混合型	100	100	46	100	86.5
91	001508	富国新动力灵活配置混合A	混合型	100	100	100	46	86.5
92	410003	华富成长趋势混合	混合型	47	100	100	100	86.75
93	006502	财通集成电路产业股票A	股票型	100	47	100	100	86.75
94	006503	财通集成电路产业股票C	股票型	100	48	100	100	87.0
95	004851	广发医疗保健股票	股票型	100	100	100	48	87.0
96	001069	华泰柏瑞消费成长混合	混合型	100	100	100	49	87.25
97	001468	广发改革混合	混合型	50	100	100	100	87.5
98	001000	中欧明睿新起点混合	混合型	100	100	100	50	87.5
